20
688690125814517641165400 3
21839549887659168332101 3
730894924164134045176146 3
58809487474789670253095 3
78158406542363068132484 3
403207870425431879963203 3
35212542687500787461278 3
113294627355154653105704 3
162877511692699585378850 3
358913273208750603388296 3
225231757819142790942569 3
308806567710906649504736 3
527113010852461440491392 3
400822781632388648001216 3
6868967921948138957461 3
516597002586120004089597 3
386286113757973000085092 3
57855177201482453350952 3
180899503053360752442229 3
17115399928555007063913 3
